38323
50053
163336
937279
1099810
1355425
1929483
2760135
3036770
3878971
4105959
4703275
4891816
5028644
5213475
5276137
5596293
5597142
5604699
6008301
6017479
6109691
6241831
6264806
6922998
6964578
7214125
7304090
7682460
7900362
8055954
8296413
8479381
8981702
8992652
9004126
9155355
9208104
9275108
9349786
9433359
9452695
9471800
9755458
9844737
9998045
10031540
10056049
10117939
10254166
10334201
10374444
10446848
10530504
10539831
10669987
10808368
11063123
11362146
11432581
11524819
11652340
12013561
12241533
12362496
12392321
12460276
12532454
12663350
12936246
13115087
13335773
13357201
13586227
13643043
14204426
14335682
14418638
14440190
15580843
15771954
15900084
15981535
16153359
16472296
16962018
17084545
17398606
17749177
18457014
18682427
19907112
19912497
20045268
20143670
20153098
20304215
20374075
20555233
20612126
20802639
20882949
21245076
21612630
21761791
21873153
21901477
22092363
22257763
22366163
22408978
22807881
22834834
23356768
23814738
23828034
23849927
24168723
24682702
24692910
24829220
24997106
25181130
25422661
25761836
25842816
25991292
27129673
27277837
27496542
27600175
27653286
27846105
27900679
28458915
28541433
28568437
28720874
28852257
28935322
29191385
29530576
29572246
29583546
29710220
29727456
29737536
29756939
29792961
29856478
29986273
30004922
30492576
30610330
30701017
30748066
31082381
31089979
31360031
31944738
32567102
32769144
32861469
32878353
32974795
33306074
33454286
34275701
34472293
34641734
34823153
34963907
35128569
35516223
35688799
35986198
36252264
36269084
36339453
36674177
37037534
37457157
37805402
37962783
37974794
38110786
38537293
38617190
38643666
38643891
40137990
40510039
40772434
40840834
40944899
41304094
41365673
41427801
41499597
41513438
41519530
41701481
41906573
42283313
42322446
42673885
42879586
43130465
43535617
43618233
43653261
43980648
44166591
44242412
44328877
44484299
44736978
45544416
46089636
46493983
46830506
47053931
47271068
47325294
47689346
47749397
48007052
48286057
49106001
49495177
49542980
50478549
50514563
50566099
50899991
50968599
51093313
51110842
51395455
51586726
51689360
52277827
52293663
52336691
52942678
52992051
53119922
53127379
53462511
53522801
53726589
54076487
54592355
54721957
54821647
54887419
54908818
55212204
55270164
55400205
55432403
55794192
55886050
56238530
56533727
56603374
56744435
56780641
57252554
57461563
57623019
57807847
57892275
58032237
58094598
58163560
58722985
58796938
59087577
59167705
59386856
59561721
59592501
59726301
59793990
59798719
59818596
59879149
60414602
60620368
60686845
60797082
61023813
61238688
61431208
61596910
61619896
61862449
61953472
62023830
62335066
62694218
62953552
63031241
63200610
63272146
64119545
64370841
64420398
65064726
65565955
65834513
65968309
66153928
66695733
66833038
67076720
67133792
67335918
67872126
67951581
67979492
68190304
68372459
69017664
69315266
69444718
69715187
70132447
70159039
70382829
70600858
70735794
71376044
71568165
71597405
71900472
71989582
72067714
72407523
72645645
72663078
72843819
72861866
73193390
73515979
73854366
73904141
74218508
74228399
74268202
74503648
74673474
74772614
74833114
75366917
75651379
75768593
76246488
76555918
76582757
76885098
77399850
77501535
77513953
77538726
77949080
78030726
78234981
78291462
78385369
78506855
78764573
79049853
79332165
79742388
80071792
80130390
80280228
80282607
80359010
80526155
80716449
80719088
81064928
81067636
81075979
81233133
81283127
81486687
81566118
81715220
81842076
81855800
81921261
81995503
82510732
82736858
83098288
83105192
83358424
83485945
84010117
84052104
84164567
84330330
84542406
84722613
85004065
85419492
85462660
85552918
85706480
85761832
85776687
85884996
86388641
86547679
86659530
86667491
86709078
86728964
86882896
86991187
87211004
87488841
87533090
87654582
87728144
88222717
88377228
88638896
88712693
88992709
89294849
89397105
89491164
89656644
89685673
89953207
89983692
90087071
90193581
90270426
90386594
90438718
90449146
90593557
90787377
90890841
90987936
91077131
91316263
91480417
91558707
91616081
91860979
92424199
92592402
92671087
93002088
93071202
93182767
93203501
93302452
93317062
